1.1.0
Files already downloaded and verified
Files already downloaded and verified
Files already downloaded and verified
>> Train a Model.
>> Finished.
Trial 1/1 || Cycle 1/1 || Label set size 1000: Test acc 51.32
scores: tensor([[-3.9335, -3.0861, -0.8147,  ...,  1.3539, -0.6189, -2.0232],
        [-0.6158, 17.4426, -5.4032,  ...,  2.8507, -0.4729,  2.6459],
        [ 2.8597,  4.2016,  1.5340,  ..., -2.6844, -1.7256,  0.7478],
        ...,
        [-2.3493,  1.0821,  0.4148,  ..., -0.2893, -2.6405, -1.5744],
        [-2.8215, -0.5439,  5.7393,  ...,  2.1627, -3.6630, -1.3901],
        [-3.4965, -3.7528, -0.3508,  ...,  0.6548, -0.6911, -0.1667]],
       device='cuda:0')
scores: tensor([[-1.2110,  9.3262, -3.5582,  ..., -1.1673,  1.0066,  5.5412],
        [-3.5643, -5.5990, -0.7263,  ...,  2.4264, -2.6077, -4.5737],
        [-2.1167, -3.0297,  7.4300,  ..., -0.5636,  0.1695, -1.3778],
        ...,
        [-3.7851, -3.0985, -0.1937,  ...,  4.2547, -2.9693, -2.1312],
        [ 1.2015, -2.4010,  8.6009,  ..., -1.6382, -3.2150,  0.5249],
        [-1.9980, -0.2300, -1.3071,  ...,  1.8251, -0.5129,  2.0805]],
       device='cuda:0')
scores: tensor([[-4.0991, -2.9896, -2.4181,  ...,  0.8471, -3.8760,  0.6423],
        [-1.8921, -1.9269, -2.9419,  ..., -3.9522, -0.1583,  2.9369],
        [-2.2688, -2.0830,  6.2078,  ..., -2.7455, -2.8493, -1.9493],
        ...,
        [ 7.4655, -1.7194,  5.5028,  ..., -4.6931,  0.0752, -2.7334],
        [ 2.9336, -0.7796, -2.6522,  ..., -4.5543, 18.1995,  0.6514],
        [-5.2990, -6.1946,  0.7870,  ..., -0.4224, -2.5193, -2.6023]],
       device='cuda:0')
scores: tensor([[ 4.3238, -2.5576, -2.4179,  ..., -1.5125,  2.5692, -2.0477],
        [-4.3449, -2.0329,  0.0958,  ..., -0.4247, -3.1288,  0.0361],
        [ 1.6166, -2.8740,  4.1268,  ...,  1.2149, -1.0059, -3.5985],
        ...,
        [-1.6815, -0.4215, -1.2168,  ..., 13.8392, -5.7170, -1.0992],
        [-1.6221,  3.8060, -3.3627,  ..., -2.0740,  6.1180,  4.3858],
        [-4.5762, -4.3357,  6.5383,  ...,  1.9279, -3.3309, -3.6046]],
       device='cuda:0')
scores: tensor([[-1.6363, -3.3950,  3.8454,  ...,  0.6260, -3.1183, -0.9798],
        [-3.7878,  0.1196, -3.0634,  ..., -1.0072, -3.0557, -2.9397],
        [-2.7490,  3.2036, -3.7104,  ..., -1.1578,  0.4024, 13.5974],
        ...,
        [ 0.5626,  1.2655, -3.0870,  ..., -4.2211, 15.2775,  3.5765],
        [ 1.5801,  5.4824, -1.6649,  ...,  0.6811,  4.0119, -0.5247],
        [-3.3011, -3.6557,  2.9213,  ...,  4.4549, -3.2227, -2.6868]],
       device='cuda:0')
scores: tensor([[-2.2809, -4.6279,  0.2532,  ..., -1.6176, -0.9488, -2.5155],
        [-1.6291, -4.4879,  1.9651,  ..., -1.6707, -1.3091,  1.2024],
        [ 0.2315, -4.0055,  6.7614,  ..., -0.1289, -1.6760, -1.4236],
        ...,
        [ 7.0037, -2.7836,  4.4426,  ..., -3.4749, -1.9517,  7.5779],
        [ 2.4740,  8.0030, -1.5051,  ..., -3.0718, -2.5038,  4.4898],
        [ 0.6158,  8.8573, -3.6164,  ..., -1.5732,  4.2437,  4.2456]],
       device='cuda:0')
scores: tensor([[-1.6384,  6.9784, -1.2855,  ..., -1.6977,  1.9836,  3.5502],
        [ 2.0032,  6.5018, -2.9334,  ...,  0.0882,  4.0391,  3.0434],
        [-2.0999, 11.9223, -4.0163,  ...,  0.4329,  1.4780,  6.6582],
        ...,
        [ 8.6345,  2.5189, -1.1499,  ..., -2.8575,  8.4832, -1.8147],
        [10.0275,  0.9857, -1.5961,  ..., -2.3418,  2.4598,  0.2315],
        [ 1.0082, -4.0993, -0.3957,  ..., -0.7257,  2.9830,  1.9458]],
       device='cuda:0')
scores: tensor([[-0.2007, -0.3550,  1.0293,  ...,  1.3835, -3.1582, -1.5800],
        [-0.3457,  1.0511,  0.4854,  ..., -2.0987, -0.5430,  7.4823],
        [-4.4976, -4.2405, -1.8149,  ..., -3.0680, -1.7213,  0.2489],
        ...,
        [-1.7368, 10.7827, -3.5648,  ...,  0.1949, -0.5010,  8.4421],
        [ 8.4969,  0.1008,  2.6372,  ..., -6.0865,  2.0950, -0.4066],
        [ 1.4794, -4.3637,  2.2031,  ..., -1.7957,  7.8959,  0.2218]],
       device='cuda:0')
scores: tensor([[ 8.2625, -3.1590, -0.8097,  ..., -0.4350,  5.0207,  2.3460],
        [ 5.0615, -5.3092, 14.2534,  ..., -3.4664, -3.2682, -2.9443],
        [-0.3859,  5.3554, -2.3163,  ..., -1.3913,  0.7879,  3.7635],
        ...,
        [-2.5224, -0.2123, -1.7156,  ..., 12.0366, -4.3692, -1.2516],
        [ 3.1229,  1.6372,  2.2427,  ..., -2.1379, -2.0379,  1.5830],
        [ 0.6304, -0.4584, -0.2712,  ..., -2.7912, -0.0929, 11.8583]],
       device='cuda:0')
scores: tensor([[-1.5647, -4.9491,  0.3510,  ...,  2.4483, -3.3573, -1.5448],
        [-3.9432, -5.8630, -3.0429,  ...,  1.5325, -0.9217, -4.1229],
        [ 4.5442, -1.3490, -1.9272,  ..., -3.7231, 14.2432,  0.3815],
        ...,
        [-4.8884, -5.5366,  2.7017,  ...,  1.8756, -4.2306, -2.1671],
        [-1.5694,  9.1387, -2.4727,  ..., -2.5157,  4.4321,  1.8318],
        [-4.3126, -0.7198,  1.3508,  ..., -0.0240, -0.5440,  9.6621]],
       device='cuda:0')
scores: tensor([[-1.6850, -1.0610,  2.5377,  ..., -2.2332,  4.8272,  4.3806],
        [-2.2328, -3.2699,  2.4037,  ...,  5.4296, -3.2720,  1.5746],
        [-1.6160, -0.8231,  1.5727,  ..., -1.5096, -0.9603, -0.9803],
        ...,
        [-1.5582,  3.2000, -2.7643,  ...,  2.7703, -2.3968, 12.7658],
        [-1.1743, -2.1755, -0.2652,  ..., -2.5066,  1.7194,  6.8622],
        [ 0.7300, -2.4463, -1.2406,  ...,  4.1160,  6.1819,  6.8307]],
       device='cuda:0')
scores: tensor([[-4.5361e+00, -4.3181e+00,  1.4832e+00,  ..., -1.1409e-01,
         -2.9124e+00, -1.7091e+00],
        [-3.3144e+00, -4.3227e+00,  4.8752e+00,  ...,  3.5845e-03,
         -3.4657e+00,  3.8338e-01],
        [-2.4125e+00,  2.3449e+00, -2.2051e+00,  ...,  3.1992e+00,
         -2.7667e+00,  1.0478e+01],
        ...,
        [ 9.6961e+00, -2.6985e+00,  5.3641e+00,  ..., -4.3939e+00,
          9.9828e-01, -1.7781e+00],
        [-2.8050e+00, -1.0025e+00, -4.4159e-01,  ..., -6.6582e-01,
         -2.7591e+00,  1.0028e+01],
        [ 8.4289e+00, -2.2012e+00, -7.2230e-01,  ..., -8.1222e-01,
          4.7949e+00,  1.3756e+00]], device='cuda:0')
scores: tensor([[-4.8598, -3.9533, -0.7236,  ...,  3.6371, -2.4334, -3.4909],
        [-4.1253, -4.8159,  8.0100,  ..., -1.5883, -3.0681, -2.2964],
        [-4.0177,  2.4821, -3.5120,  ...,  1.0770, -1.4866, 18.4292],
        ...,
        [-2.9552, -3.2278, -2.2214,  ...,  0.8726, -0.9980, -1.6196],
        [-3.9245, -4.7865,  0.5307,  ..., -0.7111,  1.5583, -4.0494],
        [-1.1014, -2.6436,  3.5244,  ..., 11.6187, -4.9229, -1.8835]],
       device='cuda:0')
scores: tensor([[-4.6775, -2.9450,  7.1639,  ...,  0.3669, -4.2710,  0.1269],
        [-2.2272, -2.9411,  3.0336,  ...,  1.9398, -4.3636, -2.3498],
        [ 7.6742, -2.9554,  6.8971,  ..., -4.2643, -1.4445, -1.8409],
        ...,
        [ 0.0204, -3.6734,  7.0126,  ..., -0.1995, -2.2164, -0.4110],
        [-5.0420, -3.5834, -0.8158,  ..., -1.1110, -2.5695,  6.4009],
        [ 3.6147, -0.9063, -0.9703,  ..., -3.6641, 14.7488,  1.4629]],
       device='cuda:0')
scores: tensor([[-0.4530,  3.5991, -0.7088,  ...,  0.2608,  0.6377,  3.7552],
        [-1.8456, -5.9945,  1.1475,  ..., -1.5856, -1.1694, -1.1044],
        [-3.4394, -2.3376,  0.8220,  ..., -1.6664, -3.6595,  1.2282],
        ...,
        [-2.1881, -1.4327, -0.2563,  ...,  0.6183, -0.9036, -2.1074],
        [-2.7085, -1.9984, -3.6056,  ..., -3.2728, -0.0576, -1.7181],
        [ 4.5548, -4.3910,  8.3693,  ..., -4.5333, -1.0598, -2.3564]],
       device='cuda:0')
scores: tensor([[ 7.6023e+00,  1.0335e+00, -4.6483e-01,  ..., -3.4169e+00,
          7.3818e+00, -2.6801e-02],
        [-1.4791e+00,  7.6696e-01, -2.7134e+00,  ..., -2.2107e+00,
          9.3039e-03, -1.8297e+00],
        [ 7.0911e-01,  1.8449e-01,  2.4566e+00,  ..., -2.5417e+00,
         -4.9799e+00,  2.1236e-01],
        ...,
        [-2.1055e+00,  8.9229e+00, -5.8006e+00,  ...,  5.4460e+00,
          1.4647e+00,  1.2540e-01],
        [-1.2260e+00, -1.0348e-01,  4.1638e+00,  ..., -1.4934e+00,
          6.9442e-01,  2.0982e-01],
        [ 6.1894e-01, -3.0847e+00, -2.4859e+00,  ...,  2.2440e+00,
          2.7716e-04, -2.2459e+00]], device='cuda:0')
scores: tensor([[-4.3520, -3.3666, -1.0364,  ..., -3.1365, -1.1268, -1.0360],
        [-3.2027, -2.9383,  1.4542,  ..., -1.9586, -1.9699, -0.8557],
        [ 1.8631,  0.6687, -2.3758,  ..., -3.8851, 13.5687,  1.2923],
        ...,
        [-4.1764, -2.3047, -1.8940,  ...,  0.8179, -2.5085, -3.2056],
        [ 2.3984,  1.0568, -0.8435,  ...,  2.1507,  3.9826, -0.1323],
        [-2.1131,  1.9727, -2.3184,  ..., -0.4586, -3.1295, 13.7468]],
       device='cuda:0')
scores: tensor([[-2.8434, -5.1057, -2.4176,  ...,  3.9715, -1.8537, -3.6413],
        [-4.0297, -4.0046,  2.7448,  ..., -4.5225,  2.6953,  1.3957],
        [ 0.2052,  2.8155,  2.9781,  ..., -1.3379, -2.6648, -0.1832],
        ...,
        [ 5.7649,  0.1104,  1.0207,  ..., -0.7654,  0.7996,  2.8457],
        [-2.0558,  0.1196,  4.7679,  ..., -1.7325, -1.7399, -1.9923],
        [ 0.9675, -3.6363,  3.7455,  ..., -0.7515, -1.6548,  0.1040]],
       device='cuda:0')
scores: tensor([[13.9568, -1.8862,  1.0342,  ..., -2.0919,  6.2216, -0.8709],
        [-2.5608, -6.7103,  2.2632,  ..., -1.5106,  1.6357, -4.1207],
        [-3.3686, -2.0458, 11.8688,  ..., -2.6178, -5.8396,  0.1281],
        ...,
        [-1.2477, -2.7306,  6.4335,  ..., -0.9817, -2.7044, -1.5480],
        [ 4.1789, -0.6071, -1.4312,  ..., -2.6844,  9.4967,  1.8897],
        [-2.0376,  3.5158,  0.0216,  ...,  0.7029, -0.6897,  7.4339]],
       device='cuda:0')
scores: tensor([[ 2.5890,  1.6139,  1.8114,  ..., -0.5721,  2.4574, -0.0234],
        [-3.8273, -2.1314,  0.3937,  ..., -0.5806, -2.3023, -1.5665],
        [ 0.3035, -3.8669, -2.6946,  ..., -4.8196,  0.5719,  1.3637],
        ...,
        [ 2.0497,  0.9068, -1.1837,  ..., -1.1391,  2.1275, -0.4283],
        [ 4.1809, -1.4774,  7.4749,  ..., -2.2750, -3.7767,  4.3873],
        [-3.0853, -2.7077,  4.4716,  ..., -3.7534, -2.3453,  1.4327]],
       device='cuda:0')
scores: tensor([[ 2.5530, -0.7523, -2.4080,  ..., -5.0602, 19.1195,  1.4294],
        [-1.6912, -2.6740,  2.3732,  ...,  3.4173, -2.4503, -2.2560],
        [ 7.9031, -0.1538,  1.3091,  ..., -4.6041, 11.2366, -1.0002],
        ...,
        [ 4.4421, -1.0613, -1.2145,  ...,  2.4221, -0.9318,  1.2918],
        [-1.9521, -1.2772, -3.2399,  ..., -2.5352,  9.2925,  2.9528],
        [ 0.7408,  4.9045, -0.8664,  ..., -3.0959,  0.2091,  5.3859]],
       device='cuda:0')
scores: tensor([[-1.8724,  2.5194, -4.6683,  ...,  1.8274, -0.4210, 10.6470],
        [-3.6338, -2.1781,  0.3848,  ..., -2.7402, -1.6087, -2.1166],
        [-2.7819, -0.7500, -0.0721,  ..., 13.8039, -4.9200,  1.6773],
        ...,
        [-2.9015, -0.4958, -2.1940,  ..., -2.2665,  2.7548, -0.6433],
        [ 4.9995, -2.8667,  6.2842,  ..., -1.6462,  1.1587, -1.8356],
        [-3.4836, -3.0369,  2.3783,  ..., -1.5931, -0.6453,  0.1867]],
       device='cuda:0')
scores: tensor([[-1.9786,  8.8940, -2.8742,  ..., -1.0135,  0.2456,  0.7665],
        [-4.8676, -2.5811,  1.5201,  ..., -0.4074, -2.8862, -1.1108],
        [ 2.3943, -3.6950,  0.9166,  ..., -1.2886,  1.4091,  4.3419],
        ...,
        [-0.3342, -0.4721, -0.4308,  ..., -5.3327,  2.3034,  4.6652],
        [ 7.1240,  6.2094,  0.9170,  ..., -1.8994,  0.8189, -2.0540],
        [-1.7406,  3.6973, -2.3002,  ...,  1.2628,  1.5771,  2.3468]],
       device='cuda:0')
scores: tensor([[ 1.8273e+00, -3.7620e+00, -1.8141e-01,  ..., -3.9171e+00,
         -2.0077e-01, -6.9238e-01],
        [-2.0823e+00, -2.8493e-02, -5.5775e-01,  ...,  7.3233e+00,
         -4.3983e+00, -1.7621e+00],
        [-1.5615e-01, -5.7542e-01, -1.5212e-01,  ..., -1.7634e+00,
          4.3338e+00,  2.5677e+00],
        ...,
        [-1.1093e+00,  2.6590e+00, -1.2003e+00,  ...,  7.1031e-04,
          1.3194e+00,  4.5966e+00],
        [-8.3813e-01, -1.6438e+00,  8.6535e+00,  ..., -3.0298e+00,
         -1.4600e+00, -1.3675e+00],
        [-5.2935e+00, -5.2169e+00,  4.9906e-01,  ...,  3.2827e+00,
         -4.1342e+00, -3.3475e+00]], device='cuda:0')
scores: tensor([[ 7.0536,  2.3525, -1.4912,  ..., -3.0682,  7.3282, -0.5635],
        [-3.9854, -2.1091, -0.0177,  ...,  7.5926, -4.0945, -3.5668],
        [ 3.6045, -1.8362, -0.3531,  ..., -3.1484, 10.8723,  0.7607],
        ...,
        [-0.7170,  1.7389,  2.9720,  ..., -3.5347,  4.6720,  2.1312],
        [-6.0955, -7.0891, -3.3122,  ..., -0.5145, -2.2038, -4.3057],
        [-0.5005, -1.2509, -0.5883,  ..., -4.4402,  2.3723, -2.7680]],
       device='cuda:0')
scores: tensor([[-2.5810, -1.2151,  4.0042,  ...,  0.8935, -4.1446, -2.7397],
        [-5.0947, -4.3376, -1.4815,  ...,  1.8577, -2.7656, -2.0312],
        [-2.7271, -3.8566, -3.0618,  ...,  2.3946, -2.7180, -1.4521],
        ...,
        [ 2.1085, -1.2413, -2.6649,  ..., -3.5679, 14.6414,  1.8351],
        [-3.2725, -1.8771, 12.8217,  ...,  2.7407, -7.0962, -3.4413],
        [-3.9200, -3.1911,  0.5756,  ...,  1.0725, -2.2545, -2.1708]],
       device='cuda:0')
scores: tensor([[-1.6763,  1.4263,  0.0904,  ..., -2.5519, -3.2287,  1.3282],
        [-2.9122, -4.3222, -0.2704,  ..., -1.5931,  0.9410, -2.6913],
        [-2.7577, -2.9041, -2.2245,  ...,  1.3918, -1.7735, -1.4856],
        ...,
        [-0.4361,  3.6136, -0.2269,  ..., -3.2315, 10.1169,  0.2136],
        [-3.9625, -5.4407, -3.6574,  ..., -4.4423,  0.3095, -2.9623],
        [-3.2875, -0.5692, -1.5968,  ..., -0.6575, -1.9721, 18.4785]],
       device='cuda:0')
scores: tensor([[-2.9115, -5.4314, -0.0564,  ...,  5.0050, -3.2971, -0.5845],
        [ 2.4722, -5.0575, 11.3063,  ..., -0.0659, -0.7666, -3.6567],
        [-2.0822, -1.7395,  7.3204,  ...,  2.9388, -4.3165, -0.1684],
        ...,
        [ 0.7649,  1.3577,  2.1344,  ..., -2.3142,  2.3751,  5.9653],
        [-0.9859, -1.2692,  4.5256,  ...,  1.5928, -3.2790, -0.9021],
        [-5.8163, -1.8556,  0.9946,  ..., -1.0921, -4.8576, -3.1505]],
       device='cuda:0')
scores: tensor([[-5.9306, -4.2880, -1.2979,  ..., -0.3133, -4.1506, -3.3529],
        [-3.1980, -6.5831,  4.9356,  ..., -2.1472, -2.3218, -4.2517],
        [ 2.2878, -0.6435,  4.2246,  ..., -1.1557, -0.7104,  0.7497],
        ...,
        [-6.9723, -5.8094,  0.9492,  ...,  1.2050, -3.8465, -5.4838],
        [-1.3231, -2.8204,  6.5074,  ..., -4.0741, -3.0898, -2.2379],
        [-2.4293,  1.3249, -1.2892,  ...,  2.5144, -3.6093,  3.6379]],
       device='cuda:0')
scores: tensor([[ 1.2140, -0.2677,  2.4736,  ..., -1.3780, -3.3688,  3.8593],
        [-4.1264, -2.7482, -2.2200,  ..., -2.9653, -1.1839, -1.4671],
        [-2.4429, -1.3639,  0.4937,  ...,  1.4399, -3.9387, -0.7970],
        ...,
        [-3.2011, -2.4738,  2.9011,  ...,  4.1644, -2.5210, -1.5706],
        [ 1.2306,  2.1024,  2.7936,  ..., -1.9624, -1.7310, -1.9831],
        [ 2.2784,  2.0748, -2.9228,  ..., -1.1529,  3.6917,  7.6623]],
       device='cuda:0')
scores: tensor([[-0.0209,  0.1611, -2.1091,  ...,  0.2207, -2.5570,  8.8236],
        [ 0.3880,  6.3494, -3.2590,  ...,  2.2982,  4.7901,  1.5205],
        [-5.3807, -6.1403, -0.4428,  ..., -2.0490, -1.5320, -3.6213],
        ...,
        [-0.5978, -6.2355, -0.3925,  ..., -0.8648, -1.7721, -4.2149],
        [-0.4479, -2.9407,  3.8965,  ..., -3.8836,  0.2574, -0.8435],
        [ 1.4851, -0.5833,  1.2769,  ...,  2.3452, -0.1142,  1.2792]],
       device='cuda:0')
scores: tensor([[-2.7076, -6.0448,  2.7406,  ...,  1.5808, -3.2702, -3.3142],
        [-2.6657, -0.8507,  0.1655,  ..., -3.6383,  0.4231,  1.2247],
        [ 6.1717, -2.5753,  5.6234,  ..., -3.1979,  0.5349, -1.5773],
        ...,
        [ 2.0165, -4.5204,  0.6516,  ..., -4.0611,  0.7368, -2.4662],
        [-1.0840, -1.3993, -4.9902,  ..., -3.6104,  8.1942, -3.2433],
        [ 0.9730,  7.7285, -3.8987,  ..., -3.5529,  7.7878,  1.4512]],
       device='cuda:0')
scores: tensor([[ 2.6477,  0.2661,  1.9117,  ..., -1.6452,  5.1943,  1.4005],
        [ 0.4475, -4.1874,  2.1111,  ..., -0.0807, -3.4182, -0.8830],
        [-2.1103,  2.2885, -3.7974,  ...,  5.5426,  2.0140, -1.2431],
        ...,
        [ 1.5492,  1.3848, -4.0919,  ..., -4.2214, 14.8869,  2.5254],
        [-0.9832,  5.9937, -2.8418,  ...,  3.6505, -3.5252,  0.7373],
        [ 1.2926,  1.0835, -3.2170,  ..., 13.6305, -1.4208,  0.6462]],
       device='cuda:0')
scores: tensor([[ 2.2395, -1.4343, -2.2950,  ..., -2.9817, 17.2148,  0.9052],
        [-0.0512, -2.8407,  3.1898,  ..., -4.9122,  4.4147,  0.6279],
        [-0.8949,  0.7461, -1.1754,  ...,  4.2688, -2.3375,  0.7972],
        ...,
        [-4.4098, -3.8817,  5.2807,  ...,  0.1184, -3.1620, -1.1611],
        [ 5.9758, -4.3342,  4.1315,  ..., -3.3528,  4.8952,  2.9971],
        [ 5.4496,  0.6602,  4.6015,  ..., -1.6426, -1.3999,  0.4692]],
       device='cuda:0')
scores: tensor([[ 2.3248,  4.3099, -2.1044,  ..., -4.1978, 11.7962, -0.5461],
        [-0.1203,  2.0759, -0.1689,  ..., -1.9449,  0.5305,  1.6966],
        [ 8.4991,  3.7891,  1.2181,  ..., -2.1106,  1.6713, -0.4425],
        ...,
        [-3.5084, -2.8222, -2.3354,  ..., -0.5637,  2.4298, -3.0322],
        [-4.9923, -5.6568,  4.3236,  ...,  1.6052, -4.9137, -1.2781],
        [12.9053, -2.1913,  4.3054,  ..., -4.3446,  3.0342, -1.1778]],
       device='cuda:0')
scores: tensor([[-4.0986, -4.3703, -2.1644,  ..., -1.8598, -2.3523, -2.2049],
        [ 0.9022,  2.8911, -2.7956,  ..., 15.2349, -3.1260,  0.8719],
        [18.4881, -1.8983,  2.6186,  ..., -6.3903,  3.7093, -2.2469],
        ...,
        [-3.8687, -3.6335, -4.2592,  ...,  4.0700, -2.8576, -3.2163],
        [-6.0691, -5.4766,  0.4698,  ..., -1.1250, -1.8393, -4.6427],
        [-5.2542, -3.5427,  1.2249,  ...,  1.1909, -3.8877, -3.2770]],
       device='cuda:0')
scores: tensor([[ 0.0908,  1.2736,  1.0495,  ..., -1.4723, -1.8908, 11.7377],
        [ 0.0240, 10.5512, -3.3834,  ...,  3.4102, -0.0874, -1.3727],
        [-0.3350, -2.4616,  4.4043,  ..., -1.3318, -1.8445, -1.9665],
        ...,
        [-3.6265, -2.4936,  5.1603,  ...,  2.6739, -3.0860, -0.1560],
        [-2.9603, -3.4271,  2.2666,  ...,  1.9782, -2.4538, -2.6792],
        [ 0.1989,  0.1700, -0.6937,  ..., 10.1959, -0.5430,  0.6342]],
       device='cuda:0')
scores: tensor([[ 0.7342, -6.8121,  1.6411,  ..., -4.5422, -1.2640, -2.5295],
        [ 8.2830, -0.5232,  3.0918,  ..., -5.9110,  0.3505, -0.3338],
        [ 0.4240, -1.3202, -3.6319,  ...,  5.3436, -1.7964, -1.3894],
        ...,
        [-0.9722,  0.8707, -3.0052,  ..., 19.5434, -4.2360,  0.4731],
        [-3.3042, -4.4329,  5.7254,  ...,  6.0256, -4.2101, -3.0144],
        [-3.8273,  3.9938, -1.9876,  ..., -0.0455, -1.8808, -0.3653]],
       device='cuda:0')
scores: tensor([[ 5.1037, -3.6247,  6.1859,  ..., -3.6360, -1.6012, -1.0176],
        [-3.4500,  0.1086, -1.6610,  ..., -0.4490, -0.1599, -1.6147],
        [-2.7775,  9.1641, -2.2001,  ..., -2.0576,  2.9027,  0.2241],
        ...,
        [-4.7044, -3.0184,  4.6422,  ...,  4.3026, -6.2366, -0.9079],
        [ 0.9367, -3.8694,  5.6848,  ..., -4.2780, -2.5129, -2.7871],
        [ 0.7160, -3.6300,  6.6289,  ...,  2.9814, -3.1240, -2.2720]],
       device='cuda:0')
scores: tensor([[-0.1167,  1.1601, -0.6102,  ..., -2.4665,  1.2980, 10.3450],
        [ 7.9359, -0.5874,  0.5712,  ..., -5.7928,  9.6651, -0.6952],
        [-1.5099,  8.4125, -0.7244,  ..., -0.1962, -0.5557,  0.7980],
        ...,
        [-2.1773,  0.6364, -2.2275,  ...,  1.2914,  0.8285,  4.8782],
        [ 5.5238, -0.9351, -0.9261,  ..., -4.1223, 12.8600, -0.5805],
        [-0.8853, 14.6974, -5.7484,  ..., -0.9615,  3.3043,  2.3459]],
       device='cuda:0')
scores: tensor([[-2.5649,  0.9953, -2.4241,  ..., -1.4490, -1.4806,  3.9715],
        [-1.8370,  0.0196,  3.1248,  ..., -0.5775, -2.5126,  2.3740],
        [-3.2196, -0.9430,  0.7568,  ...,  4.7903, -3.0843, -2.1413],
        ...,
        [-2.8689, -4.6532,  8.6501,  ..., -5.1640,  2.9580,  0.6595],
        [-0.2258, -5.0355,  7.6389,  ..., -1.2587, -1.3002, -2.9473],
        [-3.8314, -2.5021,  4.4232,  ...,  6.3497, -5.8522,  2.4471]],
       device='cuda:0')
scores: tensor([[-2.2993, -1.3426,  1.4040,  ..., 18.3424, -5.1602, -1.6522],
        [-6.0313, -8.4521,  1.5696,  ...,  0.4223, -4.0863, -4.8837],
        [-4.4224, -2.5809, -1.7289,  ...,  4.8304, -2.6258,  5.4657],
        ...,
        [-1.0976,  3.5768,  0.6056,  ..., -2.1556,  1.5346,  1.8411],
        [-2.3665, -2.7637,  0.4919,  ..., -0.5111, -2.5957, -2.7210],
        [-1.3724,  9.1461, -3.1337,  ..., -1.0289,  0.4232,  6.0668]],
       device='cuda:0')
scores: tensor([[ 1.7641,  3.1774,  0.1523,  ..., -2.6121,  0.9094, -0.1161],
        [-3.5287, -5.7376, -1.3059,  ..., -0.8659,  0.8276, -4.5449],
        [-3.3484, -2.1347,  4.1787,  ...,  9.6329, -3.9653, -0.9239],
        ...,
        [-3.0160, -4.2345, -1.2732,  ..., -0.7560,  0.9863, -0.9503],
        [-3.1678, -4.6584, -4.2603,  ...,  3.8541, -3.1246, -2.0958],
        [-2.6084,  6.1445, -2.9034,  ..., -1.8027,  4.2758,  2.2881]],
       device='cuda:0')
scores: tensor([[-1.9031,  6.5218, -2.9724,  ...,  1.3429,  3.5055,  1.4505],
        [-3.8356, -1.5350,  0.4129,  ..., -0.7094, -4.1867,  0.3972],
        [-3.1040, -1.4295,  1.8630,  ...,  5.6879, -3.5797, -2.9670],
        ...,
        [-1.0089, -3.0421,  8.4023,  ...,  1.8188, -2.6271, -2.8637],
        [ 5.8709,  1.8433, -3.2715,  ..., -3.7932,  6.5829,  1.2905],
        [ 1.5552, -0.4959, -3.8240,  ..., -4.7447, 19.5885,  3.4008]],
       device='cuda:0')
scores: tensor([[-0.2351,  3.7050, -1.4325,  ...,  0.7079,  0.1465, -0.2602],
        [-4.3651, -3.3352, -3.5963,  ..., -2.9844, -1.6623,  0.3411],
        [ 1.8321, -1.9940,  0.4133,  ...,  3.0439,  2.4518, -2.1145],
        ...,
        [-2.5584, -0.9055,  0.0371,  ..., -3.2202, -2.7066, -1.3143],
        [-5.4514, -6.3310, 13.5907,  ..., 16.4330, -7.0729, -5.7942],
        [-3.7396, -2.9352,  0.3002,  ...,  2.7448, -5.2724,  2.7887]],
       device='cuda:0')
scores: tensor([[ 0.5002,  7.5960, -1.8897,  ..., -0.1194,  1.7827, -1.7157],
        [-1.8642,  1.0817, -3.6418,  ...,  3.9260, -1.4594,  7.0417],
        [-2.9736, -3.2200, -3.6076,  ...,  2.8252, -0.7560,  0.8169],
        ...,
        [-2.6984, -2.4179, -5.7281,  ...,  2.2605, -2.0592,  7.8332],
        [-4.4623, -1.2072, -1.9604,  ..., -2.4039, -1.1416, -3.0032],
        [-0.7796, -3.7121, -4.7491,  ..., -2.4797, -4.1672,  3.8303]],
       device='cuda:0')
scores: tensor([[-5.1359, -3.5282,  4.8770,  ...,  2.2776, -5.0376, -1.4688],
        [-3.3729, -1.9303, -0.5453,  ...,  0.8545, -2.5156, -1.1028],
        [ 4.2257, -2.0917,  2.3116,  ..., -1.7578,  3.2811, -1.9958],
        ...,
        [-4.7950, -2.5202, -0.8003,  ..., -3.6146, -1.4224,  4.5143],
        [ 2.4280, -1.6397,  7.3038,  ..., -1.1784, -2.0202, -1.5012],
        [-1.9556, -4.4105, -3.0206,  ..., -2.0750,  0.3038,  5.6061]],
       device='cuda:0')
scores: tensor([[19.0080,  0.1191,  3.3754,  ..., -4.4211,  4.7378, -1.1083],
        [-1.1412, -0.6119, -1.3906,  ...,  1.5552,  4.2135,  0.3990],
        [ 1.4202,  0.5751,  1.9882,  ..., -1.7728,  0.7760,  0.4995],
        ...,
        [ 6.1520, -1.8098,  2.2663,  ..., -3.0814,  5.7125, -1.6617],
        [ 1.6568, -1.7425,  1.1997,  ...,  0.8173, -2.4248, -2.7540],
        [-6.4823, -2.6193,  4.5828,  ...,  3.8504, -5.4292, -1.3702]],
       device='cuda:0')
scores: tensor([[-0.3532, 10.0867, -3.6319,  ..., -0.0879, -0.1351,  3.9049],
        [-3.2600, -3.8568,  1.2873,  ...,  4.1553, -1.4538, -6.4166],
        [ 0.3925, -4.4123,  8.1854,  ..., -1.7128, -1.8550, -3.5970],
        ...,
        [-3.6082, -1.8437, -3.4450,  ..., -2.9073, -3.3425,  0.3966],
        [-4.9533, -6.1038, -2.7363,  ..., -2.9815, -1.9572, -1.9711],
        [-1.8707,  3.4024, -3.6267,  ..., 15.1840, -3.8062, -0.5252]],
       device='cuda:0')
scores: tensor([[ 2.3509, -0.4165, -2.0214,  ..., 16.3258, -4.0776, -0.3267],
        [ 0.3814, -2.7213, -5.0100,  ...,  3.8013, -1.8704,  0.4599],
        [12.2928, -1.1200,  0.6595,  ..., -2.5035,  6.3172, -0.6472],
        ...,
        [ 8.6681, -0.2540, -0.5146,  ..., -4.0516, 12.1332, -1.2924],
        [ 0.4195,  3.6537,  1.7709,  ...,  1.5693, -4.0216,  2.6599],
        [-0.8248, -3.8943, -0.6847,  ...,  2.0715, -1.7252, -0.6720]],
       device='cuda:0')
scores: tensor([[-3.4683, -3.3379, -3.2267,  ...,  6.9010, -2.2849, -2.0854],
        [-0.7506,  1.7358, -1.5366,  ..., -2.8439,  7.8759,  3.7723],
        [ 1.5586,  7.2695, -1.5465,  ..., -1.0224, -0.3024,  1.5947],
        ...,
        [-2.0089, -2.9041,  5.9518,  ...,  0.9369, -0.9564,  0.1898],
        [ 1.1162,  4.2307, -0.9137,  ...,  3.0415,  3.4531, -0.5541],
        [-4.4193, -5.5404, -1.8163,  ...,  4.8191, -3.5833, -3.1912]],
       device='cuda:0')
scores: tensor([[ 0.3930, -3.4890, -1.0808,  ...,  3.6938, -2.3185, -1.4978],
        [-3.5123, -4.3692,  0.1260,  ...,  2.3172, -1.7109, -3.5578],
        [-0.9439,  0.9213, -4.5014,  ..., -2.9804,  8.1328,  9.3928],
        ...,
        [-2.8254, -3.9212,  4.4048,  ...,  3.7291, -4.3475, -3.2166],
        [-2.5289, -2.3384,  8.2490,  ..., -2.2562, -3.3492, -1.8379],
        [ 2.8216, -1.1688, -2.6165,  ..., -4.6276, 15.4568,  0.1506]],
       device='cuda:0')
scores: tensor([[-0.0672,  1.6917, -1.2786,  ..., -2.0822,  1.8466,  7.2266],
        [ 2.5196, -1.7757, -4.2956,  ..., -4.1757, 16.2447, -0.4126],
        [ 0.0634, 12.2820, -4.3807,  ..., -0.7754, -0.3939,  2.5146],
        ...,
        [-4.7721, -0.6960,  1.0598,  ..., -2.0425, -1.9502, -0.8641],
        [-2.6575,  4.6278, -2.5429,  ...,  4.0175, -2.0362,  1.8533],
        [-2.8470, -2.2625,  2.7412,  ..., -1.0421, -2.5685,  1.8976]],
       device='cuda:0')
scores: tensor([[-2.3061, -0.9283,  1.1179,  ...,  0.4503, -1.4643,  3.5833],
        [ 1.5286,  9.2088, -3.3325,  ..., -0.0462,  5.7861, -0.5829],
        [ 1.5193,  0.0282, -0.8397,  ...,  4.1324, -1.7600,  0.7525],
        ...,
        [-3.6523, -4.4136,  0.9384,  ...,  0.1526, -1.9497, -1.7092],
        [ 7.0515, -1.8796,  2.7950,  ..., -1.9392,  7.7437, -0.4492],
        [-5.2197, -6.1996,  1.3401,  ..., -1.4296, -0.5684, -4.6891]],
       device='cuda:0')
scores: tensor([[-5.4128, -5.7043,  7.7982,  ..., -1.0433, -2.8721, -3.7430],
        [-0.3356, -1.8024,  0.1982,  ..., -4.9239, 13.0458,  2.6051],
        [ 3.3570, -3.5864,  0.4033,  ...,  1.5070, -2.1238, -0.8811],
        ...,
        [-4.2080, -5.6944,  5.5280,  ...,  0.1970, -2.9620, -1.4284],
        [ 1.7503,  1.2190,  2.8662,  ..., -1.3616, -2.8387,  2.2626],
        [-1.4163,  6.4880, -2.9432,  ...,  0.4569, -3.5049, 10.2486]],
       device='cuda:0')
scores: tensor([[-3.4407, -0.3063,  2.9944,  ..., -0.4969, -2.2666, -2.3143],
        [-2.0526, -2.3497,  5.4789,  ..., -2.4852,  0.5258, -1.2487],
        [-0.9287,  8.7768, -1.3092,  ..., -0.9512, -1.8316,  8.4342],
        ...,
        [ 0.9630,  7.2388, -3.3014,  ..., -0.4032, -0.0241,  1.1963],
        [-2.4384, -1.9568, -1.0539,  ...,  7.0380, -3.0847, -0.4888],
        [-0.3920,  6.9958, -2.9765,  ...,  0.7176, -0.0216,  1.4951]],
       device='cuda:0')
scores: tensor([[-0.6136,  6.0045, -1.6379,  ..., -2.4778,  2.9880,  3.1716],
        [-3.0159, -1.9132, -0.2604,  ..., 10.7047, -4.3805, -3.4229],
        [-3.5281, -3.2414, -3.2432,  ..., -5.6687,  0.4298, -0.5309],
        ...,
        [-4.6392, -3.2662,  0.6600,  ...,  0.2955, -3.6887, -0.6324],
        [-5.0006, -6.4934,  0.4823,  ...,  1.1427, -2.1463, -4.5503],
        [-4.9022,  4.3820,  2.3432,  ...,  0.9084, -5.3108,  6.1543]],
       device='cuda:0')
scores: tensor([[-4.8547, -5.0514,  1.1206,  ...,  2.0012, -2.7254, -3.2809],
        [-3.3462, -1.5376,  1.5245,  ..., -0.3168, -2.6803, -1.2283],
        [ 5.0615, -0.9448,  2.1426,  ..., -4.5980,  5.9899,  0.6233],
        ...,
        [-1.1082,  6.3189, -3.0530,  ..., -2.2156, -1.2299,  2.5938],
        [-1.8408, -3.1708, -2.9912,  ...,  2.4580, -0.6914, -1.8531],
        [-4.6948, -4.1883, -4.8534,  ..., -0.8622,  0.5153, -2.0286]],
       device='cuda:0')
scores: tensor([[-5.4376, -5.5611, -0.3553,  ...,  0.6805, -3.2936, -2.7987],
        [ 5.0389, -0.5575, -1.3016,  ..., -3.3505,  4.4967,  7.0254],
        [-4.2520, -2.2852, -1.1903,  ..., -0.9341, -3.2982,  0.3712],
        ...,
        [-2.6774, -3.8401, -0.5986,  ...,  2.4350, -1.8924, -1.3454],
        [-3.1223, -1.4176,  3.2270,  ..., 11.3588, -5.6029, -0.8168],
        [-3.3387,  7.7617, -2.7288,  ...,  3.6797, -1.8793,  7.9872]],
       device='cuda:0')
scores: tensor([[-3.9525,  1.5802, -2.8648,  ...,  0.5201,  1.6416,  1.7807],
        [ 1.1711, -3.2570,  1.5910,  ..., -2.3625,  2.3920, -1.8569],
        [-2.9643,  6.7883, -3.8943,  ..., -1.5745,  2.2133,  9.7105],
        ...,
        [-5.9249, -3.2052,  4.6743,  ...,  4.6454, -4.2142, -1.2164],
        [ 7.5227,  3.6382,  0.3049,  ..., -1.8800,  3.6748,  0.0886],
        [ 1.5937, -3.3095,  1.1910,  ...,  4.0432,  6.3799, -1.2498]],
       device='cuda:0')
scores: tensor([[-4.7456, -6.2935, -2.8420,  ..., -3.9556, -0.9294, -2.1738],
        [-4.4820, -2.2143, -0.5269,  ..., -4.0246, -2.0932,  4.3640],
        [-1.1649, -2.4956, -3.8769,  ...,  7.2578, -1.8599, -3.0079],
        ...,
        [-0.1289, -0.8367, -3.7419,  ..., -2.7717,  1.0590,  1.9902],
        [-4.5883, -0.5505, -1.3120,  ...,  1.9866, -2.8198, -0.2819],
        [ 0.7904,  0.6386, -0.4915,  ...,  2.3033, -1.6091,  0.0487]],
       device='cuda:0')
scores: tensor([[ 1.9172, -2.5970, -2.6771,  ..., -0.0323,  3.5708, -3.2925],
        [ 3.2581,  0.1522, -2.0598,  ..., -2.1519,  3.6274,  4.5740],
        [-5.4613, -5.2563,  2.0405,  ..., -2.1763, -3.6707, -2.1241],
        ...,
        [-2.7764, -0.7041, -0.9592,  ...,  0.4391, -0.0999, -1.9918],
        [-1.7179,  9.8567, -2.5575,  ..., -3.1777,  4.8943,  1.7794],
        [-2.4826, -4.9331,  2.1618,  ..., -2.1429,  0.6874, -3.7097]],
       device='cuda:0')
scores: tensor([[ 0.6674,  1.0728, -4.1252,  ..., -0.8689,  7.7030,  4.5493],
        [ 0.3325, -3.8688, -2.0208,  ...,  2.2431, -1.9775, -1.6171],
        [-0.9501,  3.7285, -0.7634,  ..., -3.6948,  7.1171,  1.3380],
        ...,
        [-1.0605,  7.9198, -3.9805,  ..., -2.2643,  2.2590,  9.7328],
        [ 3.7563,  2.9949, -2.7543,  ..., -1.8435, -2.6356,  7.2345],
        [-4.8677,  1.7591, -4.5563,  ...,  0.0863,  6.4709, 13.0664]],
       device='cuda:0')
scores: tensor([[11.5510, -0.0801,  1.6284,  ..., -4.8205,  0.3508, -1.7509],
        [-1.2978, -0.8566,  3.8478,  ...,  4.2875, -3.5947,  0.5312],
        [ 4.7103, -0.6253,  0.1942,  ..., -3.9015, 11.2199, -0.0207],
        ...,
        [-1.0783,  7.7144, -3.7879,  ..., -2.5120,  4.6679,  5.4341],
        [ 5.6070, -0.2068, -2.0912,  ..., -2.8640,  9.4181,  0.8782],
        [-1.8157,  2.0908, -3.8019,  ...,  8.9673,  0.0673, -2.8944]],
       device='cuda:0')
scores: tensor([[-2.8970, -0.4772,  1.6610,  ..., 14.5615, -4.3184, -1.9435],
        [-2.3457, -1.6582,  1.7952,  ..., -2.4501, -2.4863,  3.1156],
        [ 3.6368, -0.1351, -1.6358,  ..., -4.8173, 16.0246, -0.6922],
        ...,
        [ 8.5526, -1.8259,  1.6894,  ..., -2.4789,  4.4176, -0.9221],
        [ 0.3524, -1.2971, -1.3608,  ..., -0.9417, -4.4741, -0.2156],
        [ 0.8263, -3.6098,  5.9760,  ..., -2.2064, -2.7153, -3.6281]],
       device='cuda:0')
scores: tensor([[ 0.8779,  3.4332, -2.5245,  ..., -1.7880,  6.6214,  3.9912],
        [-0.1525,  2.9243, -1.7956,  ..., -1.3323, -2.3010,  9.1691],
        [-3.3123, -1.9410, -0.3461,  ...,  0.1220, -2.6176, -1.1023],
        ...,
        [-2.7369, -2.1527, -0.1816,  ..., -2.7000, -2.6413,  0.3830],
        [ 1.5995, -1.0802, -3.6205,  ...,  3.4501,  9.2518,  1.2529],
        [ 6.5897,  0.7703, -0.9576,  ..., -5.4615, 15.1024, -2.5827]],
       device='cuda:0')
scores: tensor([[ 0.3149,  3.0008, -1.8634,  ..., -3.7656, 10.3715,  1.1463],
        [ 0.7916, -2.9637,  1.4568,  ...,  8.5060, -1.2908, -0.6349],
        [-1.5509,  6.1391, -2.7588,  ..., -0.9903,  3.9153,  4.7141],
        ...,
        [-3.4401, -1.0935, -4.1523,  ...,  4.2236, -2.7390, 18.1370],
        [-0.3388, -4.5016,  3.1928,  ..., -0.6625, -2.5888, -2.1305],
        [ 1.8605,  4.1819, -3.4998,  ..., -0.4532,  0.4145,  9.5890]],
       device='cuda:0')
scores: tensor([[-1.7954, -1.3870,  1.7899,  ..., -3.5528, -0.0417,  1.6858],
        [-0.9739, -1.6096,  1.6584,  ...,  0.1216, -3.6261, -2.2010],
        [-3.5813,  1.1869, -1.5217,  ...,  1.0060, -2.8385, 11.9889],
        ...,
        [-0.2950,  1.0060,  1.1717,  ...,  1.2802, -4.3253,  4.7100],
        [ 0.6519, -0.7994,  3.3274,  ...,  9.4314, -3.0159, -0.4700],
        [-1.0203, 14.0096, -2.2974,  ..., -1.3444, -0.5247,  2.6283]],
       device='cuda:0')
scores: tensor([[-3.6893,  6.9131, -1.2714,  ..., -1.4584, -1.4246,  5.2802],
        [ 0.6998, -1.8570,  9.3853,  ..., -3.2189, -3.3760, -2.9597],
        [ 4.2180, -2.3088,  2.3720,  ..., -2.4068,  9.1547, -0.5470],
        ...,
        [-2.5390, -2.7752,  3.1216,  ...,  0.9696, -1.2958, -1.4679],
        [-2.4618, -1.9928, -1.5823,  ..., -0.2356, -1.8978, -3.0170],
        [ 1.1115,  9.3346, -3.4622,  ..., -1.5816, -1.8700,  7.3214]],
       device='cuda:0')
scores: tensor([[-3.4009,  5.1186, -1.7903,  ..., -0.6483, -2.4477, -0.7896],
        [-4.0027, -2.4742,  7.6236,  ...,  0.2722, -1.6924, -3.8073],
        [-0.5928, -3.6633,  3.3113,  ..., -2.0482, -1.7531,  0.3446],
        ...,
        [ 5.0547, -0.0755, -1.5509,  ..., -3.5505, 11.4935,  0.1603],
        [ 0.6894, -1.1279, -1.3662,  ...,  1.1964,  1.3219,  8.1681],
        [-3.3173,  0.6570,  1.0848,  ..., -0.8271, -2.4385, -0.7513]],
       device='cuda:0')
scores: tensor([[ 2.2503,  7.4516, -3.1024,  ..., -0.2785, -2.0115,  5.7625],
        [-2.0939, -2.4921,  0.7872,  ..., -0.7445, -1.8233,  1.9825],
        [-3.5564, -5.4812, -1.0931,  ..., -1.2789,  0.3476, -3.9025],
        ...,
        [-3.9552, -4.9214,  5.2146,  ..., -0.0995, -4.1323, -2.6196],
        [-2.9821,  0.2775,  1.8842,  ...,  3.1172, -3.6092, -2.8210],
        [-2.1988, -0.0990,  5.1940,  ..., -0.5079, -2.9326,  3.3925]],
       device='cuda:0')
scores: tensor([[-3.0808, -3.4118, -0.1889,  ..., -0.8583, -1.2225, -3.7467],
        [-3.4422, -5.7403,  7.4079,  ..., -0.2516, -3.1826, -4.3486],
        [-2.0501, -0.0661,  0.4266,  ..., -0.3330, -3.0801, -2.2555],
        ...,
        [-3.2163, -1.0951, -2.0695,  ..., -0.6795, -2.5869, -2.0161],
        [ 8.4458,  3.4043, -2.2254,  ..., -3.1089,  4.3624,  0.3651],
        [-2.2050,  5.5982, -4.0428,  ..., -1.3647,  3.0923,  9.2421]],
       device='cuda:0')
scores: tensor([[-3.0597,  0.3212,  0.9097,  ...,  6.8221, -3.4309,  1.3125],
        [-1.3895, -4.9026, 13.5233,  ...,  0.0802, -5.8358, -1.2282],
        [-1.2553,  0.5965, -2.8401,  ..., 12.0440, -3.5189, -1.4607],
        ...,
        [-3.5895, -2.9028, -0.9574,  ..., -0.5803, -2.2572, -3.8142],
        [12.8202, -2.0047,  2.5047,  ..., -4.9051,  8.3876, -2.5998],
        [-3.7569, -5.6798,  1.9161,  ...,  5.4239, -2.5989, -4.7219]],
       device='cuda:0')
scores: tensor([[ 1.1142, -2.1484, -0.8020,  ..., -0.1858,  2.2148, -0.1141],
        [ 3.1573,  1.3934, -2.9604,  ..., -3.7185, 14.5770,  0.7917],
        [ 0.7362, -3.5283,  4.7281,  ..., -2.8089, -1.6251, -0.9369],
        ...,
        [-0.0836, -4.3732,  7.3247,  ..., -5.9298,  3.8166, -4.2015],
        [-0.8118, -3.8965,  8.9011,  ..., -4.1552, -0.3924, -1.1332],
        [-1.7486, -5.2073, -1.8449,  ..., -2.4811, -2.3501, -1.1688]],
       device='cuda:0')
scores: tensor([[-6.0875, -5.5965,  1.3689,  ...,  2.4627, -3.6429, -3.5929],
        [ 1.7215,  6.3362, -3.3187,  ..., -2.8421,  2.8201,  1.8575],
        [-4.3246, -2.4393,  1.3164,  ...,  1.8609, -3.8291, -1.1008],
        ...,
        [-5.7406, -4.6091, -2.8424,  ...,  8.9199, -4.5725, -3.7705],
        [ 1.7151, -4.3492,  4.0893,  ..., -2.6273, -0.0250, -4.5713],
        [-5.4418, -8.0598,  7.2483,  ...,  0.1045, -2.7164, -5.1219]],
       device='cuda:0')
scores: tensor([[-1.5985, -4.5554, -3.4054,  ..., -0.5067, -0.9858, -0.2830],
        [-0.2171,  7.6084, -0.5495,  ...,  1.7362,  2.4244, -0.7313],
        [-7.3140, -6.3588,  0.5288,  ...,  2.4144, -3.5932, -3.8623],
        ...,
        [ 6.4312,  3.1565,  0.2049,  ...,  1.3997, -0.9300,  1.8952],
        [ 1.4474, -0.0430,  0.0916,  ..., -2.6515, -1.0961, -0.6044],
        [16.7678,  0.8800,  3.9843,  ..., -4.4203,  0.5413, -2.1721]],
       device='cuda:0')
scores: tensor([[-3.8881, -1.0029, -3.5102,  ..., -3.2213, -1.9551,  4.3662],
        [-3.8686,  1.8941,  0.4152,  ..., 14.3425, -4.2666, -3.6089],
        [-3.6502, -2.7502, -2.7655,  ..., -1.4367, -1.6094, -2.7927],
        ...,
        [ 2.7611,  1.2081,  3.1841,  ...,  9.6577, -4.6177,  0.8666],
        [-4.2579, -5.9546, -0.5439,  ..., -1.9387, -4.5309, -0.8006],
        [-3.1021, -1.8976,  2.4214,  ..., 16.5249, -5.2365, -0.8942]],
       device='cuda:0')
scores: tensor([[-2.8050,  6.2310, -0.7132,  ...,  0.6775, -2.2836,  4.6443],
        [-3.9874, -3.2210, -1.3105,  ...,  5.0579, -3.6015, -1.3593],
        [ 0.3502, 12.3189, -3.1857,  ..., -0.3199,  0.8547,  2.8301],
        ...,
        [-0.0294,  6.2891, -3.3936,  ...,  1.9444,  1.7441,  2.5050],
        [ 0.1029, 12.1676, -4.1850,  ..., -0.8761,  1.2461,  3.1307],
        [-1.7785, -3.6459,  6.0528,  ..., -5.1891,  6.0879, -0.4893]],
       device='cuda:0')
scores: tensor([[ 1.7046, -2.2685,  7.8784,  0.4461,  3.5619, -3.8749,  0.6792, -4.5012,
         -1.7834, -1.7649],
        [ 1.7313,  2.6770, -1.1870, -2.7335, -2.9607, -2.0925, -1.5879, -3.3915,
          5.5272,  4.3609],
        [-3.2277, -0.6092, -0.8132,  0.1874,  3.6352, -1.7667,  2.4385,  3.8295,
         -3.7638,  0.1231],
        [-4.8937, -6.3888,  1.6765,  3.4238, 10.1045, -1.2295,  4.7591, -1.1542,
         -3.3138, -3.4005],
        [-0.3804, -0.7059, -3.6952, -3.1837, -3.8422, -6.6623,  5.4094, -5.7222,
         17.9195,  0.7630],
        [ 7.7440, -1.2022,  1.3385, -3.2600, -2.9070, -4.8719, -2.5132, -3.9503,
          9.6554,  0.2131],
        [-1.5855,  4.8592, -1.0501, -0.9871, -4.2772, -3.0209, -0.0344, -2.9762,
          0.2602,  9.2831],
        [-2.0558, -2.6679,  0.8208,  0.4679,  1.5674,  2.1498, -1.7310, -3.1072,
          2.5730,  2.3275],
        [ 0.6164,  6.8576, -3.5325, -3.5580, -2.3853, -2.2264, -1.5039, -1.9899,
          5.1912,  2.8409],
        [-2.4078,  1.1578,  0.6248, -1.8249, -0.2055, -1.9559, -3.3733, 13.5375,
         -4.6102, -0.4225],
        [ 5.5322,  0.2697, -1.2521, -2.0910, -1.4429, -3.1016,  0.2265, -1.9254,
          2.9990,  0.9713],
        [-0.6749, -3.2022, -2.8752,  5.6736,  1.8165,  2.2705, -4.3393,  2.7762,
         -1.5303,  0.2229],
        [-3.8317, -6.5403, -0.2699, -1.1217,  3.2819, 11.5524,  2.1748, -1.3350,
          1.9556, -5.4876],
        [-2.9910, -3.7735,  2.6133, -0.4984, -0.2461, 10.5809, -1.4127,  0.6724,
         -1.2807, -3.2457],
        [-1.0737, -3.7468, -0.6044, -1.6995, -3.6102, 16.5809, -4.9532,  3.7145,
         -1.5139, -2.5746],
        [-4.6687, -4.1447,  1.9805, -2.7003, 10.1630, -1.0409,  0.4757,  5.7183,
         -3.8891, -2.1899]], device='cuda:0')
execute time：94.921918 s
